%YAML:1.0
---
R: !!opencv-matrix
   rows: 3
   cols: 3
   dt: d
   data: [ 9.9939637417300897e-01, -1.0796137946257799e-02,
       -3.3020155894368679e-02, 1.1262784514754584e-02,
       9.9983885604726397e-01, 1.3978970744397181e-02,
       3.2863915999424696e-02, -1.4342431577102971e-02,
       9.9935692206620497e-01 ]
T: !!opencv-matrix
   rows: 3
   cols: 1
   dt: d
   data: [ 6.4274923345923114e+01, 2.4562961568402899e-02,
       -2.8385492847995741e+00 ]
R1: !!opencv-matrix
   rows: 3
   cols: 3
   dt: d
   data: [ 9.9697750113387373e-01, -9.7711208884776607e-03,
       -7.7073908876088865e-02, 1.0326725466201626e-02,
       9.9992346483192984e-01, 6.8134587144822222e-03,
       7.7001434882751352e-02, -7.5887861408137159e-03,
       9.9700210097617470e-01 ]
R2: !!opencv-matrix
   rows: 3
   cols: 3
   dt: d
   data: [ 9.9902618262073872e-01, 3.8178251255882936e-04,
       -4.4119617862665682e-02, -6.9980114295533160e-04,
       9.9997388603608017e-01, -7.1928801088908196e-03,
       4.4115719608716145e-02, 7.2167505162408782e-03,
       9.9900036125888936e-01 ]
P1: !!opencv-matrix
   rows: 3
   cols: 4
   dt: d
   data: [ 4.5756027101668764e+02, 0., 3.5852903366088867e+02, 0., 0.,
       4.5756027101668764e+02, 2.3695254135131836e+02, 0., 0., 0., 1.,
       0. ]
P2: !!opencv-matrix
   rows: 3
   cols: 4
   dt: d
   data: [ 4.5756027101668764e+02, 0., 3.5852903366088867e+02,
       2.9438318892290961e+04, 0., 4.5756027101668764e+02,
       2.3695254135131836e+02, 0., 0., 0., 1., 0. ]
Q: !!opencv-matrix
   rows: 4
   cols: 4
   dt: d
   data: [ 1., 0., 0., -3.5852903366088867e+02, 0., 1., 0.,
       -2.3695254135131836e+02, 0., 0., 0., 4.5756027101668764e+02, 0.,
       0., -1.5543016321373889e-02, 0. ]
