<?xml version="1.0"?>
<opencv_storage>
<R type_id="opencv-matrix">
  <rows>3</rows>
  <cols>3</cols>
  <dt>d</dt>
  <data>
    9.9385555516614610e-001 2.4630293030193724e-003
    1.1065743965971725e-001 -4.9576033694874386e-003
    9.9973961771286568e-001 2.2273727666559672e-002
    -1.1057376557856002e-001 -2.2685463671384080e-002
    9.9360898350598248e-001</data></R>
<T type_id="opencv-matrix">
  <rows>3</rows>
  <cols>1</cols>
  <dt>d</dt>
  <data>
    -6.3926311988995046e+001 -8.8322650297114691e-001
    5.0356308729960029e+000</data></T>
<R1 type_id="opencv-matrix">
  <rows>3</rows>
  <cols>3</cols>
  <dt>d</dt>
  <data>
    9.9930654169261912e-001 1.8005253832452814e-002
    3.2592124275146142e-002 -1.8355958396264360e-002
    9.9977644921322362e-001 1.0493349796560853e-002
    -3.2395902853481928e-002 -1.1084332773212633e-002
    9.9941364961925583e-001</data></R1>
<R2 type_id="opencv-matrix">
  <rows>3</rows>
  <cols>3</cols>
  <dt>d</dt>
  <data>
    9.9681726626823641e-001 1.3772348205212722e-002
    -7.8521717342620284e-002 -1.4619525309703974e-002
    9.9984085271162848e-001 -1.0224418252519612e-002
    7.8368406575857502e-002 1.1339826885711522e-002
    9.9685997069646815e-001</data></R2>
<P1 type_id="opencv-matrix">
  <rows>3</rows>
  <cols>4</cols>
  <dt>d</dt>
  <data>
    5.1122064532213841e+002 0. 3.4737697982788086e+002 0. 0.
    5.1122064532213841e+002 2.3222339248657227e+002 0. 0. 0. 1. 0.</data></P1>
<P2 type_id="opencv-matrix">
  <rows>3</rows>
  <cols>4</cols>
  <dt>d</dt>
  <data>
    5.1122064532213841e+002 0. 3.4737697982788086e+002
    -3.2784795743379829e+004 0. 5.1122064532213841e+002
    2.3222339248657227e+002 0. 0. 0. 1. 0.</data></P2>
<Q type_id="opencv-matrix">
  <rows>4</rows>
  <cols>4</cols>
  <dt>d</dt>
  <data>
    1. 0. 0. -3.4737697982788086e+002 0. 1. 0. -2.3222339248657227e+002
    0. 0. 0. 5.1122064532213841e+002 0. 0. 1.5593223435755834e-002 0.</data></Q>
</opencv_storage>
