<?xml version="1.0"?>
<opencv_storage>
<M1 type_id="opencv-matrix">
  <rows>3</rows>
  <cols>3</cols>
  <dt>d</dt>
  <data>
    5.9398716628378259e+002 0. 3.3104790318344095e+002 0.
    5.9110379966288338e+002 2.3442030604041696e+002 0. 0. 1.</data></M1>
<D1 type_id="opencv-matrix">
  <rows>1</rows>
  <cols>14</cols>
  <dt>d</dt>
  <data>
    9.6887744414583962e-002 -4.8797719109052606e-001 0. 0. 0. 0. 0.
    -7.5381043305414286e-001 0. 0. 0. 0. 0. 0.</data></D1>
<M2 type_id="opencv-matrix">
  <rows>3</rows>
  <cols>3</cols>
  <dt>d</dt>
  <data>
    5.9398716628378259e+002 0. 3.2783742167638997e+002 0.
    5.9110379966288338e+002 2.3094145382155082e+002 0. 0. 1.</data></M2>
<D2 type_id="opencv-matrix">
  <rows>1</rows>
  <cols>14</cols>
  <dt>d</dt>
  <data>
    6.1787482307606181e-002 -2.0655619813401760e-001 0. 0. 0. 0. 0.
    9.7941811365562896e-003 0. 0. 0. 0. 0. 0.</data></D2>
</opencv_storage>
