%YAML:1.0
---
M1: !!opencv-matrix
   rows: 3
   cols: 3
   dt: d
   data: [ 5.2315146726734292e+02, 0., 3.1905124581306643e+02, 0.,
       5.1622121186195227e+02, 2.3981061899525494e+02, 0., 0., 1. ]
D1: !!opencv-matrix
   rows: 1
   cols: 14
   dt: d
   data: [ 1.2689198254941619e-01, -5.9223732686859565e-01, 0., 0., 0.,
       0., 0., -6.5103282963810960e-01, 0., 0., 0., 0., 0., 0. ]
M2: !!opencv-matrix
   rows: 3
   cols: 3
   dt: d
   data: [ 5.2315146726734292e+02, 0., 3.1368201643100093e+02, 0.,
       5.1622121186195227e+02, 2.3529920156146483e+02, 0., 0., 1. ]
D2: !!opencv-matrix
   rows: 1
   cols: 14
   dt: d
   data: [ 1.1100001396562287e-01, -3.7139556308829613e-01, 0., 0., 0.,
       0., 0., -9.3334037664166342e-02, 0., 0., 0., 0., 0., 0. ]
